[LEADER]
9 10 7 7
0x399C2 FALKNER 16 7 0 33 189 0 0 17 9 0 33 189 16 0
[LEADER]
8 8 8 8
0x399D8 WHITNEY 35 18 0 3 102 227 118 241 20 0 205 213 23 208
[LEADER]
9 8 8 8
0x399EE BUGSY 11 14 0 33 81 106 0 14 14 0 40 81 106 0 123 16 0 98 43 210 0
[LEADER]
9 8 8 8
0x39A08 MORTY 92 21 0 122 180 212 174 93 21 0 95 102 174 101 94 25 0 95 247 212 138 93 23 0 180 212 102 101
[LEADER]
9 8 8 8
0x39A28 PRYCE 86 27 0 29 196 62 156 87 29 0 29 196 62 156 221 31 0 196 31 54 59
[LEADER]
9 8 8 8
0x39A42 JASMINE 81 30 0 85 48 49 86 81 30 0 85 48 49 86 208 35 0 103 241 88 231
[LEADER]
9 8 8 8
0x39A5E CHUCK 57 27 0 43 99 2 154 62 30 0 95 170 57 223
[LEADER]
7 12 13 13
0x39A72 CLAIR 148 37 0 86 57 21 225 148 37 0 86 85 21 225 148 37 0 86 58 21 225 230 40 0 108 57 63 225
[RIVAL]
13 13 13 13
0x39A92 ? 152 5 0 33 45 0 0
0x39A98 ? 155 5 0 33 43 0 0
0x39A9E ? 158 5 0 10 43 0 0
0x39AA4 ? 92 12 0 95 122 180 0 41 14 0 141 48 44 0 153 16 0 45 75 115 77
0x39AAE ? 92 12 0 95 122 180 0 41 14 0 141 48 44 0 156 16 0 43 108 108 52
0x39AB8 ? 92 12 0 95 122 180 0 41 14 0 141 48 44 0 159 16 0 43 99 99 55
0x39AC2 ? 93 20 0 122 180 212 174 81 18 0 33 84 48 49 41 20 0 141 48 44 109 153 22 0 45 115 75 77
0x39ADE ? 93 20 0 122 180 212 174 81 18 0 33 84 48 49 41 20 0 141 48 44 109 156 22 0 43 108 52 98
0x39AFA ? 93 20 0 122 180 212 174 81 18 0 33 84 48 49 41 20 0 141 48 44 109 159 22 0 43 99 55 44
0x39B16 ? 42 30 0 141 44 109 17 81 28 0 33 84 49 86 93 30 0 122 212 174 247 215 32 0 43 98 103 185 154 32 0 115 75 77 34
0x39B38 ? 42 30 0 141 44 109 17 81 28 0 33 84 49 86 93 30 0 122 212 174 247 215 32 0 43 98 103 185 156 32 0 108 52 98 172
0x39B5A ? 42 30 0 141 44 109 17 81 28 0 33 84 49 86 93 30 0 122 212 174 247 215 32 0 43 98 103 185 160 32 0 99 55 44 184
0x39B7C ? 215 34 0 98 103 185 210 42 36 0 141 44 109 17 82 35 0 84 49 86 129 93 35 0 212 174 247 109 64 35 0 50 60 105 248 154 38 0 115 75 77 34
0x39BA4 ? 215 34 0 98 103 185 210 42 36 0 141 44 109 17 82 35 0 84 49 86 129 93 35 0 212 174 247 109 64 35 0 50 60 105 248 157 38 0 108 52 98 172
0x39BCC ? 215 34 0 98 103 185 210 42 36 0 141 44 109 17 82 34 0 84 49 86 129 93 35 0 212 174 247 109 64 35 0 50 60 105 248 160 38 0 99 55 184 163
[ELITE FOUR]
13 12 13 13
0x39BF4 WILL 178 40 0 98 248 109 94 124 41 0 3 142 8 94 103 41 0 115 73 121 94 80 41 0 174 133 34 94 178 42 0 98 248 109 94
[[pk] TRAINER]
13 12 13 13
0x39C19 CAL 152 10 0 33 45 75 0 155 10 0 33 43 108 0 158 10 0 10 43 99 0
0x39C25 CAL 153 30 0 75 115 77 235 156 30 0 108 108 52 98 159 30 0 99 55 44 184
0x39C31 CAL 154 50 0 77 235 34 113 157 50 0 52 98 172 129 160 50 0 44 184 163 103
[ELITE FOUR]
13 12 13 13
0x39C3D BRUNO 237 42 0 228 98 91 197 106 42 0 207 24 136 193 107 42 0 9 8 7 183 95 43 0 20 89 201 157 68 46 0 157 193 233 238
[ELITE FOUR]
7 15 13 15
0x39C63 KAREN 197 42 0 28 109 185 212 45 42 0 78 51 236 80 94 45 0 122 180 174 194 198 44 0 98 18 228 185 229 47 0 46 228 53 242
[ELITE FOUR]
13 12 13 13
0x39C89 KOGA 168 40 0 104 169 226 202 49 41 0 48 16 94 92 205 43 0 182 129 153 191 89 42 0 107 151 188 92 169 44 0 104 98 17 92
[CHAMPION]
13 12 13 13
0x39CAE LANCE 130 44 0 175 240 57 63 149 47 0 86 239 87 63 149 47 0 86 239 59 63 142 46 0 17 246 157 63 6 46 0 53 17 163 63 149 50 0 126 219 200 63
[LEADER]
9 8 8 8
0x39CDA BROCK 75 41 0 111 157 205 89 111 41 0 31 184 89 32 139 42 0 44 57 182 131 95 44 0 20 157 117 201 141 42 0 163 57 203 202
[LEADER]
7 8 8 8
0x39D00 MISTY 55 42 0 57 50 244 94 195 42 0 57 133 89 240 131 44 0 57 195 59 240 121 47 0 57 109 105 58
[LEADER]
9 8 8 8
0x39D20 LT.SURGE 26 44 0 86 98 85 87 101 40 0 103 104 129 153 82 40 0 199 104 129 192 101 40 0 103 104 129 153 125 46 0 98 9 113 87
[SCIENTIST]
9 8 8 8
0x39D49 ROSS 109 22 0 33 123 120 124 109 22 0 33 123 120 124
0x39D54 MITCH 132 24 0 144 0 0 0
0x39D5E JED 81 20 0 33 84 48 49 81 20 0 33 84 48 49 81 20 0 33 84 48 49
0x39D6A MARC 81 27 0 48 49 86 199 81 27 0 48 49 86 199 81 27 0 48 49 86 199
0x39D77 RICH 137 30 0 160 176 105 161
[LEADER]
7 8 8 8
0x39D84 ERIKA 114 42 0 22 20 202 79 189 41 0 72 73 178 202 71 46 0 241 235 51 75 182 46 0 241 235 80 76
[YOUNGSTER]
9 8 8 8
0x39DA4 JOEY 19 4 0 33 39 0 0
0x39DAD MIKEY 16 2 0 33 0 0 0 19 4 0 33 39 0 0
0x39DB9 ALBERT 19 6 0 33 39 0 0 41 8 0 141 48 0 0
0x39DC6 GORDON 194 10 0 55 39 0 0
0x39DD1 SAMUEL 19 7 0 33 39 98 0 27 10 0 10 111 0 0 21 8 0 64 45 43 0 21 8 0 64 45 43 0
0x39DE2 IAN 56 10 0 10 43 67 0 50 12 0 10 45 222 0
0x39DEC JOEY 19 15 0 33 39 98 158
0x39DF5 JOEY 20 21 0 39 98 158 184
0x39E02 WARREN 22 35 0 43 31 228 119
0x39E0D JIMMY 20 33 0 98 158 184 228 24 33 0 40 44 137 103
0x39E19 OWEN 58 35 0 52 43 36 172
0x39E22 JASON 28 33 0 28 40 163 129 169 33 0 48 44 109 17
[SCHOOLBOY]
9 8 8 8
0x39E2E JACK 43 12 0 71 230 0 0 100 15 0 33 103 0 0
0x39E39 KIPP 100 27 0 33 103 49 120 81 27 0 48 49 86 199 100 31 0 103 49 120 205 82 31 0 48 49 86 199
0x39E48 ALAN 114 16 0 132 79 71 77
0x39E51 JOHNNY 69 29 0 79 77 78 51 70 31 0 79 77 78 51 71 33 0 22 79 230 75
0x39E60 DANNY 124 31 0 142 181 3 8 125 31 0 9 9 113 129 126 31 0 43 123 7 108
0x39E6E TOMMY 178 32 0 43 101 101 100 65 34 0 50 60 105 248
0x39E7A DUDLEY 43 35 0 78 79 51 236
0x39E85 JOE 114 33 0 77 22 20 72 134 33 0 28 55 98 44
0x39E8F BILLY 46 27 0 78 77 141 147 46 27 0 78 77 141 147 61 27 0 95 55 3 240 132 35 0 144 0 0 0
0x39E9F CHAD 122 19 0 112 93 164 96
0x39EA8 NATE 166 32 0 4 113 115 219 103 32 0 95 93 23 121
0x39EB3 RICKY 190 32 0 28 226 154 129 132 32 0 144 0 0 0
0x39EBF JACK 43 14 0 71 230 77 0 100 17 0 33 103 49 0
0x39ECA JACK 44 28 0 77 78 79 51 101 31 0 103 49 120 205
0x39ED5 ALAN 114 17 0 132 79 71 77 193 17 0 33 193 98 104
0x39EE0 ALAN 177 20 0 64 43 101 100 114 22 0 79 71 77 22 195 20 0 55 39 21 0 193 25 0 98 104 49 197
0x39EEF CHAD 122 19 0 112 93 164 96 81 19 0 33 84 48 49
0x39EFA CHAD 122 27 0 96 3 113 115 82 31 0 48 49 86 199
[BIRD KEEPER]
9 8 8 8
0x39F05 ROD 16 7 0 33 28 0 0 16 7 0 33 28 0 0
0x39F0F ABE 21 9 0 64 45 43 0
0x39F17 BRYAN 16 12 0 33 28 16 0 17 14 0 28 16 28 16
0x39F23 THEO 16 17 0 33 28 16 98 16 15 0 33 28 16 98 16 19 0 33 28 16 98 16 15 0 33 28 16 98 16 15 0 33 28 16 98
0x39F34 TOBY 84 15 0 64 45 228 31 84 16 0 64 45 228 31 84 17 0 64 45 228 31
0x39F41 DENIS 21 18 0 64 45 43 31 22 20 0 43 31 43 31 21 18 0 64 45 43 31
0x39F4F VANCE 17 25 0 28 16 98 18 17 25 0 28 16 98 18
0x39F5B HANK 16 12 0 33 28 16 0 18 34 0 16 98 18 17
0x39F66 ROY 22 29 0 31 43 31 228 22 35 0 43 31 228 119
0x39F70 BORIS 84 30 0 228 31 161 99 84 28 0 228 31 161 99 85 32 0 228 31 161 99
0x39F7E BOB 164 34 0 64 95 115 36
0x39F86 JOSE 83 37 0 31 14 97 163
0x39F8F PETER 16 6 0 33 28 0 0 16 6 0 33 28 0 0 21 8 0 64 45 43 0
0x39F9D JOSE 83 35 0 43 31 14 97
0x39FA6 PERRY 83 34 0 43 31 14 97
0x39FB0 BRET 17 32 0 28 16 98 18 22 32 0 43 31 228 119
0x39FBB JOSE 83 41 0 31 14 97 163
0x39FC4 VANCE 17 31 0 28 16 98 18 17 33 0 16 98 18 17
0x39FD0 VANCE 17 35 0 16 98 18 17 18 37 0 16 98 18 17
[LASS]
5 8 8 8
0x39FDC CARRIE 209 18 0 184 204 44 122
0x39FEB BRIDGET 39 15 0 47 111 1 50 39 15 0 47 111 1 50 39 15 0 47 111 1 50
0x39FFB ALICE 44 30 0 77 78 79 51 24 34 0 40 44 137 103 44 30 0 77 78 79 51
0x3A009 KRISE 43 12 0 71 230 0 0 104 15 0 45 39 125 29
0x3A015 CONNIE 183 21 0 39 55 205 61
0x3A020 LINDA 1 30 0 77 79 75 230 2 32 0 77 79 75 230 3 34 0 77 79 75 230
0x3A02E LAURA 44 28 0 77 78 79 51 17 31 0 28 16 98 18 182 31 0 71 230 78 80
0x3A03C SHANNON 46 29 0 78 77 141 147 46 29 0 78 77 141 147 47 32 0 78 77 141 147
0x3A04C MICHELLE 188 32 0 78 79 73 178 187 33 0 79 73 178 72 189 34 0 78 79 73 178
0x3A05D DANA 180 18 0 33 45 84 86 54 18 0 10 39 50 93
0x3A070 ELLEN 40 30 0 47 50 111 3 210 34 0 204 44 122 46
0x3A07C CONNIE 183 21 0 39 55 205 61
0x3A087 CONNIE 183 21 0 39 55 205 61
0x3A092 DANA 180 21 0 33 45 84 86 54 21 0 10 39 50 93
0x3A0A5 DANA 54 29 0 10 50 93 103 181 29 0 33 84 86 178
[LEADER]
9 8 8 8
0x3A0B8 JANINE 169 36 0 103 48 109 17 110 36 0 123 188 92 153 110 36 0 123 188 92 153 168 33 0 184 202 81 101 49 39 0 193 104 16 94
[COOLTRAINER]
13 8 12 8
0x3A0DF NICK 4 26 0 52 108 99 184 7 26 0 110 55 44 174 1 26 0 73 77 79 75
0x3A0F8 AARON 2 24 0 22 77 79 75 5 24 0 52 52 108 99 8 24 0 145 110 55 44
0x3A106 PAUL 147 34 0 86 239 82 21 147 34 0 86 239 82 21 147 34 0 86 239 82 21
0x3A113 CODY 116 34 0 108 43 55 239 117 36 0 108 43 55 239
0x3A11E MIKE 148 37 0 86 239 82 21
0x3A127 GAVEN 71 34 0 35 92 51 75 99 34 0 61 23 12 182 136 34 0 28 98 44 83
0x3A141 GAVEN 71 38 0 35 92 51 75 99 38 0 61 23 12 182 136 38 0 28 98 44 83
0x3A15B RYAN 18 25 0 28 98 18 17 125 27 0 9 113 129 103
0x3A16E JAKE 47 33 0 141 147 163 14 55 35 0 93 103 244 154
0x3A181 GAVEN 71 32 0 35 92 51 75 99 32 0 61 23 12 182 136 32 0 28 98 44 83
0x3A19B BLAKE 82 33 0 85 48 129 103 195 31 0 55 21 133 89 102 31 0 73 93 79 76
0x3A1B5 BRIAN 28 35 0 28 40 163 129
0x3A1C3 ERICK 1 10 0 33 45 73 22 4 10 0 10 45 52 0 7 10 0 33 39 145 110
0x3A1D1 ANDY 1 10 0 33 45 73 22 4 10 0 10 45 52 0 7 10 0 33 39 145 110
0x3A1DE TYLER 1 10 0 33 45 73 22 4 10 0 10 45 52 0 7 10 0 33 39 145 110
0x3A1EC SEAN 136 35 0 28 52 98 44 114 35 0 22 20 72 78 128 35 0 30 184 228 156
0x3A1F9 KEVIN 111 38 0 23 31 184 32 5 35 0 108 99 184 53 8 35 0 55 44 229 182
0x3A207 STEVE 1 14 0 33 45 73 22 4 14 0 10 45 52 108 7 14 0 39 145 110 55
0x3A215 ALLEN 5 27 0 52 108 99 184
[COOLTRAINER]
7 12 12 8
0x3A223 GWEN 133 26 0 39 28 45 98 136 22 0 33 39 28 52 134 22 0 33 39 28 55 135 22 0 33 39 28 84
0x3A232 LOIS 188 25 0 235 77 72 73 38 25 0 52 98 109 219
0x3A245 FRAN 117 37 0 108 43 55 239
0x3A24E LOLA 147 34 0 86 239 82 21 148 36 0 86 239 82 21
0x3A259 KATE 90 26 0 110 48 62 182 91 28 0 110 48 62 182
0x3A264 IRENE 118 22 0 64 39 48 30 119 24 0 39 48 30 175
0x3A270 KELLY 183 27 0 39 55 205 61 8 24 0 145 110 55 44 8 24 0 145 110 55 44
0x3A27E JOYCE 25 36 0 98 104 85 87 9 32 0 44 174 57 240
0x3A292 BETH 78 36 0 23 83 31 97
0x3A29F REENA 121 31 0 33 229 105 61 31 33 0 10 24 39 34 121 31 0 33 229 105 61
0x3A2AD MEGAN 1 32 0 45 73 77 75 2 32 0 45 73 77 75 3 32 0 34 79 75 230
0x3A2C7 BETH 78 38 0 23 83 31 97
0x3A2D4 CAROL 101 35 0 49 120 205 113 121 35 0 33 229 105 61 38 35 0 52 98 109 219
0x3A2E2 QUINN 2 38 0 79 75 230 74 121 38 0 229 105 61 109
0x3A2EE EMMA 61 28 0 95 55 3 240
0x3A2F7 CYBIL 12 25 0 93 79 18 16 182 25 0 71 78 51 76
0x3A30B JENN 120 24 0 106 55 229 105 121 26 0 33 229 105 61
0x3A316 BETH 78 42 0 23 83 31 97
0x3A323 REENA 121 33 0 33 229 105 61 31 35 0 10 24 39 34 121 33 0 33 229 105 61
0x3A331 REENA 121 37 0 229 105 61 109 31 39 0 10 24 39 34 121 37 0 229 105 61 109
[BEAUTY]
6 9 12 8
0x3A33F VICTORIA 161 9 0 33 111 0 0 161 13 0 33 111 98 0 161 17 0 33 111 98 154
0x3A350 SAMANTHA 52 16 0 10 45 44 6 52 16 0 10 45 44 163
0x3A367 JULIE 161 15 0 33 111 98 0
0x3A371 JACLYN 161 15 0 33 111 98 0
0x3A37C BRENDA 162 16 0 111 98 111 98
0x3A387 CASSIE 45 28 0 71 230 78 80 12 34 0 48 18 16 60
0x3A394 CAROLINE 183 30 0 55 205 61 38 86 32 0 45 62 156 36 183 30 0 55 205 61 38
0x3A3A5 CARLENE 161 15 0 33 111 98 0
0x3A3B1 JESSICA 161 15 0 33 111 98 0
0x3A3BD RACHAEL 161 15 0 33 111 98 0
0x3A3C9 ANGELICA 161 15 0 33 111 98 0
0x3A3D6 KENDRA 161 15 0 33 111 98 0
0x3A3E1 VERONICA 161 15 0 33 111 98 0
0x3A3EE JULIA 46 32 0 77 141 147 163 102 32 0 73 93 78 77 47 35 0 78 77 141 147
0x3A3FC THERESA 161 15 0 33 111 98 0
0x3A408 VALERIE 187 17 0 235 39 33 77 188 17 0 235 39 33 78
[[POKé]MANIAC]
9 8 8 8
0x3A41E LARRY 79 10 0 174 33 45 0
0x3A428 ANDREW 105 24 0 125 29 43 116 105 24 0 125 29 43 116
0x3A435 CALVIN 115 26 0 43 44 39 5
0x3A440 SHANE 30 16 0 45 33 10 24 33 16 0 43 33 30 24
0x3A44C BEN 80 19 0 45 55 45 55
0x3A454 BRENT 108 19 0 122 48 111 23
0x3A45E RON 34 19 0 33 30 24 40
0x3A466 ETHAN 111 31 0 39 23 31 184 112 31 0 31 23 31 184
0x3A472 BRENT 29 19 0 33 10 24 40 34 23 0 30 24 40 37
0x3A47E BRENT 32 28 0 30 24 40 116 29 28 0 10 24 40 39 30 30 0 10 24 40 39 34 32 0 30 24 40 37
0x3A48E ISSAC 108 12 0 122 48 15 0
0x3A49C DONALD 79 10 0 174 33 45 0 79 10 0 174 33 45 0
0x3A4A9 ZACH 111 27 0 30 39 23 31
[ROCKET]
13 8 10 8
0x3A4B2 GRUNT 109 14 0 139 33 123 0
0x3A4BC GRUNT 19 7 0 33 39 98 0 41 9 0 141 48 0 0 41 9 0 141 48 0 0
0x3A4CA GRUNT 20 24 0 98 98 158 184 20 24 0 98 98 158 184
0x3A4D6 GRUNT 88 23 0 106 50 124 107 88 23 0 106 50 124 107 89 25 0 139 1 106 0
0x3A4E4 GRUNT 19 21 0 39 98 158 116 19 21 0 39 98 158 116 19 23 0 39 98 158 116 19 23 0 39 98 158 116 19 23 0 39 98 158 116
0x3A4F6 GRUNT 41 26 0 141 48 44 109 41 26 0 141 48 44 109
0x3A502 GRUNT 109 23 0 33 123 120 124 88 23 0 106 50 124 107 41 23 0 141 48 44 109 19 23 0 39 98 158 116
0x3A512 GRUNT 110 26 0 123 120 124 108
0x3A51C GRUNT 20 24 0 98 98 158 184 109 26 0 123 120 124 108
0x3A528 GRUNT 41 22 0 141 48 44 109 42 24 0 48 48 44 109 88 22 0 1 106 50 124
0x3A536 GRUNT 89 23 0 139 1 106 0 109 23 0 33 123 120 124 19 25 0 39 98 158 116
0x3A544 EXECUTIVE 228 33 0 46 123 44 185
0x3A552 GRUNT 19 27 0 98 158 116 228
0x3A55C GRUNT 20 24 0 98 98 158 184 42 24 0 48 48 44 109
0x3A568 GRUNT 88 26 0 106 50 124 107 110 23 0 120 123 120 124
0x3A574 GRUNT 19 16 0 33 39 98 158 19 16 0 33 39 98 158 19 16 0 33 39 98 158 19 16 0 33 39 98 158
0x3A584 GRUNT 42 18 0 141 48 48 44
0x3A58E GRUNT 19 17 0 33 39 98 158 41 17 0 141 48 44 0 19 17 0 33 39 98 158
0x3A59C GRUNT 48 18 0 50 193 48 93 48 18 0 50 193 48 93
0x3A5A8 GRUNT 96 17 0 1 95 50 0 41 19 0 141 48 44 109
0x3A5B4 GRUNT 41 16 0 141 48 44 0 88 17 0 1 106 50 124 19 18 0 33 39 98 158
0x3A5C2 EXECUTIVE 42 36 0 48 44 109 17
0x3A5D0 EXECUTIVE 109 30 0 123 120 124 108
0x3A5DE GRUNT 109 25 0 123 120 124 108 109 25 0 123 120 124 108
0x3A5EA GRUNT 109 24 0 33 123 120 124 89 24 0 139 1 106 0
0x3A5F6 GRUNT 19 15 0 33 39 98 158 19 15 0 33 39 98 158
0x3A602 EXECUTIVE 41 22 0 141 48 44 109
0x3A610 GRUNT 20 19 0 39 98 98 158
0x3A61A GRUNT 19 9 0 33 39 98 0 19 9 0 33 39 98 0
0x3A626 GRUNT 42 25 0 48 48 44 109 42 25 0 48 48 44 109 24 30 0 44 40 44 137
0x3A634 GRUNT 42 30 0 48 44 109 17
[GENTLEMAN]
9 8 8 8
0x3A63E PRESTON 58 18 0 44 46 52 43 58 18 0 44 46 52 43
0x3A64C EDWARD 53 33 0 44 44 6 185
0x3A657 GREGORY 25 37 0 104 21 85 97 180 33 0 84 84 86 178
0x3A665 VIRGIL 77 20 0 45 39 52 23
0x3A670 ALFRED 164 20 0 64 193 64 95
[SKIER]
9 8 8 8
0x3A67B ROXANNE 124 28 0 142 181 3 8
0x3A687 CLARISSA 87 28 0 62 45 62 156
[TEACHER]
6 8 8 8
0x3A694 COLETTE 35 36 0 3 107 111 118
0x3A6A0 HILLARY 190 32 0 28 226 154 129 104 36 0 116 155 99 206
0x3A6AE SHIRLEY 39 35 0 205 3 156 34
[LEADER]
7 13 8 7
0x3A6BA SABRINA 196 46 0 28 98 129 94 122 46 0 112 115 226 94 65 48 0 105 248 94 115
[BUG CATCHER]
9 8 8 8
0x3A6D6 DON 10 3 0 33 81 0 0 10 3 0 33 81 0 0
0x3A6E0 ROB 15 32 0 116 41 99 228 12 32 0 79 48 18 16
0x3A6EA ED 15 30 0 116 41 99 228 15 30 0 116 41 99 228 15 30 0 116 41 99 228
0x3A6F5 WADE 10 2 0 33 81 0 0 10 2 0 33 81 0 0 13 3 0 40 81 0 0 10 2 0 33 81 0 0
0x3A704 BENNY 13 7 0 40 81 0 0 14 9 0 106 106 0 0 15 12 0 31 31 0 0
0x3A712 AL 10 12 0 33 81 0 0 13 12 0 40 81 0 0
0x3A71B JOSH 46 13 0 10 78 77 0
0x3A724 ARNIE 48 15 0 33 50 193 48
0x3A72E KEN 168 30 0 184 132 101 141 127 32 0 20 69 106 12
0x3A738 WADE 11 9 0 106 106 0 0 11 9 0 106 106 0 0 14 10 0 106 106 0 0 11 9 0 106 106 0 0
0x3A747 WADE 12 14 0 93 93 77 78 12 14 0 93 93 77 78 15 15 0 31 31 116 0 12 14 0 93 93 77 78
0x3A756 DOUG 168 34 0 132 101 141 154
0x3A75F ARNIE 48 19 0 50 193 48 93
0x3A769 ARNIE 49 28 0 50 48 93 141
[FISHER]
9 8 8 8
0x3A777 JUSTIN 129 5 0 150 0 0 0 129 5 0 150 0 0 0 129 15 0 150 33 0 0 129 5 0 150 0 0 0
0x3A788 RALPH 118 10 0 64 39 48 0
0x3A792 ARNOLD 73 34 0 132 51 61 35
0x3A79D KYLE 119 28 0 39 48 30 175 61 31 0 95 55 3 240 119 31 0 48 30 175 31
0x3A7AA HENRY 60 8 0 145 95 0 0 60 8 0 145 95 0 0
0x3A7B6 MARVIN 129 10 0 150 0 0 0 130 10 0 37 0 0 0 129 15 0 150 33 0 0 130 15 0 37 0 0 0
0x3A7C7 CHRIS 211 18 0 33 40 106 107
0x3A7D1 ANDRE 130 27 0 37 44 82 0
0x3A7DB RAYMOND 129 22 0 150 33 0 0 129 22 0 150 33 0 0 129 22 0 150 33 0 0 129 22 0 150 33 0 0
0x3A7ED WILTON 118 23 0 64 39 48 30 118 23 0 64 39 48 30 119 25 0 39 48 30 175
0x3A7FC EDGAR 223 25 0 199 60 62 61 223 25 0 199 60 62 61
0x3A810 JONAH 90 25 0 110 48 62 182 224 29 0 60 62 61 190 223 25 0 199 60 62 61 91 29 0 110 48 62 182
0x3A820 MARTIN 223 32 0 199 60 62 61 223 32 0 199 60 62 61
0x3A82D STEPHEN 129 25 0 150 33 0 0 129 25 0 150 33 0 0 211 31 0 106 107 55 42 73 31 0 132 51 61 35
0x3A83F BARNEY 130 30 0 37 44 82 43 130 30 0 37 44 82 43 130 30 0 37 44 82 43
0x3A84E RALPH 118 17 0 64 39 48 30
0x3A858 RALPH 211 17 0 33 40 106 107 118 19 0 64 39 48 30
0x3A864 CHRIS 211 23 0 40 106 107 55
0x3A86E CHRIS 118 32 0 48 30 175 31 118 32 0 48 30 175 31 211 34 0 106 107 55 42
0x3A87C WILTON 118 29 0 48 30 175 31 118 29 0 48 30 175 31 119 32 0 48 30 175 31
0x3A88B SCOTT 211 30 0 106 107 55 42 211 30 0 106 107 55 42 119 34 0 48 30 175 31
0x3A899 WILTON 118 31 0 48 30 175 31 119 35 0 48 30 175 31 119 35 0 48 30 175 31
[SWIMMER?]
9 8 8 8
0x3A8A8 HAROLD 223 32 0 199 60 62 61 117 30 0 108 43 55 239
0x3A8B5 SIMON 72 20 0 40 48 132 51 72 20 0 40 48 132 51
0x3A8C1 RANDALL 90 18 0 33 110 48 62 8 20 0 145 110 55 44 90 18 0 33 110 48 62
0x3A8D1 CHARLIE 90 21 0 33 110 48 62 72 19 0 40 48 132 51 73 19 0 132 48 132 51
0x3A8E1 GEORGE 72 16 0 40 48 132 0 72 17 0 40 48 132 0 72 16 0 40 48 132 0 120 19 0 106 55 229 105 72 17 0 40 48 132 0 223 19 0 55 199 0 0
0x3A8F6 BERKE 211 23 0 40 106 107 55
0x3A900 KIRK 130 20 0 37 44 0 0 130 20 0 37 44 0 0
0x3A90B MATHEW 98 23 0 43 11 106 23
0x3A916 HAL 86 24 0 29 45 62 156 87 25 0 62 45 62 156 86 24 0 29 45 62 156
0x3A922 PATON 221 26 0 181 203 181 203 221 26 0 181 203 181 203
0x3A92E DARYL 90 24 0 33 110 48 62 91 25 0 110 48 62 182 90 24 0 33 110 48 62
0x3A93C WALTER 116 15 0 145 108 43 0 116 15 0 145 108 43 0 117 20 0 43 55 108 43
0x3A94B TONY 120 13 0 33 106 55 229 121 18 0 33 229 105 61 116 16 0 145 108 43 0
0x3A958 JEROME 117 26 0 55 108 43 55 72 28 0 48 132 51 61 73 30 0 132 51 61 35 118 28 0 39 48 30 175
0x3A969 TUCKER 90 30 0 110 48 62 182 91 34 0 110 48 62 182
0x3A976 RICK 120 13 0 33 106 55 229 121 18 0 33 229 105 61 116 16 0 145 108 43 0
0x3A983 CAMERON 183 34 0 55 205 61 38
0x3A98F SETH 195 29 0 55 39 21 133 224 29 0 60 62 61 190 195 32 0 55 39 21 133
0x3A99C JAMES 120 13 0 33 106 55 229 121 18 0 33 229 105 61 116 16 0 145 108 43 0
0x3A9AA LEWIS 120 13 0 33 106 55 229 121 18 0 33 229 105 61 116 16 0 145 108 43 0
0x3A9B8 PARKER 116 32 0 108 43 55 239 116 32 0 108 43 55 239 117 35 0 108 43 55 239
[SWIMMER?]
7 8 8 8
0x3A9C7 ELAINE 120 21 0 106 55 229 105
0x3A9D2 PAULA 120 19 0 106 55 229 105 90 19 0 33 110 48 62
0x3A9DE KAYLEE 118 18 0 64 39 48 30 118 20 0 64 39 48 30 119 20 0 39 39 48 30
0x3A9ED SUSIE 54 20 0 10 39 50 93 118 22 0 64 39 48 30
0x3AA01 DENISE 86 22 0 29 45 62 156
0x3AA0C KARA 120 20 0 106 55 229 105 121 20 0 33 229 105 61
0x3AA17 WENDY 116 21 0 145 108 43 55 116 21 0 82 108 43 55
0x3AA2B LISA 124 28 0 142 181 3 8
0x3AA34 JILL 87 28 0 62 45 62 156
0x3AA3D MARY 119 20 0 39 39 48 30
0x3AA46 KATIE 87 33 0 45 62 156 36
0x3AA50 DAWN 119 34 0 48 30 175 31
0x3AA59 TARA 119 20 0 39 39 48 30
0x3AA62 NICOLE 183 29 0 55 205 61 38 183 29 0 55 205 61 38 131 32 0 54 34 109 195
0x3AA71 LORI 121 32 0 33 229 105 61 121 32 0 33 229 105 61
0x3AA7C JODY 119 20 0 39 39 48 30
0x3AA85 NIKKI 86 28 0 29 45 62 156 86 28 0 29 45 62 156 86 28 0 29 45 62 156 87 28 0 62 45 62 156
0x3AA95 DIANA 55 37 0 50 93 103 244
0x3AA9F BRIANA 119 35 0 48 30 175 31 119 35 0 48 30 175 31
[SAILOR]
9 8 8 8
0x3AAAC EUGENE 61 17 0 95 55 95 55 20 17 0 39 98 98 158 98 19 0 145 43 11 106
0x3AABB HUEY 60 18 0 145 95 55 0 61 18 0 95 55 95 55
0x3AAC6 TERRELL 61 20 0 55 95 55 3
0x3AAD2 KENT 98 18 0 145 43 11 106 98 20 0 61 43 11 106
0x3AAE5 ERNEST 66 18 0 67 43 116 2 66 18 0 67 43 116 2 61 18 0 95 55 95 55
0x3AAF4 JEFF 20 32 0 98 158 184 228 20 32 0 98 158 184 228
0x3AAFF GARRETT 99 34 0 11 106 23 12
0x3AB0B KENNETH 66 28 0 116 2 69 193 66 28 0 116 2 69 193 62 28 0 55 95 3 66 66 28 0 116 2 69 193
0x3AB1D STANLY 66 31 0 2 69 193 233 67 33 0 116 2 69 193 54 26 0 39 50 93 103
0x3AB2C HARRY 194 19 0 55 39 21 0
0x3AB36 HUEY 61 28 0 95 55 3 240 61 28 0 95 55 3 240
0x3AB41 HUEY 61 34 0 95 55 3 240 62 34 0 55 95 3 66
[SUPER NERD]
9 8 8 8
0x3AB4C ERIC 88 20 0 1 106 50 124
0x3AB55 ERIC 88 11 0 139 1 106 50 88 11 0 139 1 106 50
0x3AB60 GREGG 81 20 0 33 84 48 49 81 20 0 33 84 48 49 81 20 0 33 84 48 49
0x3AB6E JAY 109 22 0 33 123 120 124 109 22 0 33 123 120 124
0x3AB78 DAVE 132 24 0 144 0 0 0
0x3AB81 SAM 88 34 0 50 124 107 103 89 34 0 139 1 106 106
0x3AB8B TOM 81 32 0 48 49 86 199 81 32 0 48 49 86 199 81 32 0 48 49 86 199
0x3AB97 PAT 137 36 0 105 159 199 161
0x3AB9F SHAWN 81 31 0 48 49 86 199 89 33 0 139 1 106 106 81 31 0 48 49 86 199
0x3ABAD TERU 81 7 0 33 84 0 0 100 11 0 33 103 0 0 81 7 0 33 84 0 0 81 9 0 33 84 0 0
0x3ABBC RUSS 81 27 0 48 49 86 199 81 27 0 48 49 86 199 81 27 0 48 49 86 199
0x3ABC9 NORTON 137 30 0 160 176 105 161
[RIVAL]
9 8 8 8
0x3ABD8 ? 215 41 0 98 103 185 210 42 42 0 141 44 109 17 82 41 0 84 49 86 129 94 43 0 212 174 247 109 65 43 0 50 105 248 94 154 45 0 75 77 34 113
0x3AC00 ? 215 41 0 98 103 185 210 42 42 0 141 44 109 17 82 41 0 84 49 86 129 94 43 0 212 174 247 109 65 43 0 50 105 248 94 157 45 0 108 98 172 129
0x3AC28 ? 215 41 0 98 103 185 210 42 42 0 141 44 109 17 82 41 0 84 49 86 129 94 43 0 212 174 247 109 65 43 0 50 105 248 94 160 45 0 99 55 184 163
0x3AC50 ? 215 45 0 98 103 185 210 169 48 0 92 44 109 17 82 45 0 87 49 86 129 94 46 0 212 174 247 109 65 46 0 105 248 94 115 154 50 0 202 34 113 219
0x3AC78 ? 215 45 0 98 103 185 210 169 48 0 92 44 109 17 82 45 0 87 49 86 129 94 46 0 212 174 247 109 65 46 0 105 248 94 115 157 50 0 108 98 126 129
0x3ACA0 ? 215 45 0 98 103 185 210 169 48 0 92 44 109 17 82 45 0 87 49 86 129 94 46 0 212 174 247 109 65 46 0 105 248 94 115 160 50 0 57 240 163 103
[GUITARIST]
9 8 8 8
0x3ACC8 CLYDE 125 34 0 9 9 113 129
0x3ACD2 VINCENT 81 27 0 48 49 86 199 100 33 0 49 120 205 113 81 32 0 48 49 86 199 81 32 0 48 49 86 199
[HIKER]
10 8 8 8
0x3ACF2 RUSSELL 74 4 0 33 0 0 0 74 6 0 33 111 0 0 74 8 0 33 111 0 0
0x3AD02 PHILLIP 74 23 0 111 88 222 120 74 23 0 111 88 222 120 75 23 0 111 88 222 120
0x3AD12 LEONARD 74 23 0 111 88 222 120 66 25 0 116 2 69 193
0x3AD20 ANTHONY 74 11 0 33 111 88 0 66 11 0 67 43 116 0
0x3AD2E BENJAMIN 50 14 0 10 45 222 0 74 14 0 33 111 88 0 51 16 0 45 222 45 222
0x3AD3F ERIK 66 24 0 43 116 2 69 75 27 0 88 222 120 106 66 27 0 116 2 69 193
0x3AD4C MICHAEL 74 25 0 111 88 222 120 75 25 0 111 88 222 120 76 25 0 111 88 222 120
0x3AD5C PARRY 95 34 0 20 88 106 99
0x3AD66 TIMOTHY 50 27 0 222 91 28 163 51 27 0 222 91 28 163
0x3AD7C BAILEY 74 13 0 33 111 88 0 74 13 0 33 111 88 0 74 13 0 33 111 88 0 74 13 0 33 111 88 0 74 13 0 33 111 88 0
0x3AD8F ANTHONY 75 25 0 111 88 222 120 75 27 0 88 222 120 106 67 29 0 116 2 69 193
0x3AD9F TIM 75 31 0 88 222 120 106 75 31 0 88 222 120 106 75 31 0 88 222 120 106
0x3ADAB NOLAND 28 31 0 111 28 40 163 76 33 0 88 222 120 106
0x3ADB8 SIDNEY 51 34 0 45 222 91 28 95 32 0 20 88 106 99
0x3ADC5 KENNY 28 27 0 111 28 40 163 75 29 0 88 222 120 106 76 31 0 88 222 120 106 75 29 0 88 222 120 106
0x3ADD5 JIM 68 35 0 2 69 193 233
0x3ADDD DANIEL 95 11 0 33 103 20 0
0x3ADE8 PARRY 95 38 0 88 106 99 201
0x3ADF2 PARRY 95 29 0 20 88 106 99
[BIKER]
9 8 8 8
0x3ADFC KAZU 109 20 0 139 33 123 120 109 20 0 139 33 123 120 109 20 0 139 33 123 120
0x3AE09 KAZU 109 20 0 139 33 123 120 109 20 0 139 33 123 120 109 20 0 139 33 123 120
0x3AE16 DWAYNE 109 27 0 123 120 124 108 109 28 0 123 120 124 108 109 29 0 123 120 124 108 109 30 0 123 120 124 108
0x3AE27 HARRIS 136 34 0 28 52 98 44
0x3AE32 ZEKE 109 32 0 123 120 124 108 109 32 0 123 120 124 108
0x3AE3D CHARLES 109 30 0 123 120 124 108 5 30 0 52 108 99 184 110 30 0 123 120 124 108
0x3AE4D RILEY 110 34 0 120 124 108 114
0x3AE57 JOEL 126 32 0 43 123 7 108 126 32 0 43 123 7 108
0x3AE62 GLENN 109 28 0 123 120 124 108 126 30 0 43 123 7 108 110 32 0 123 120 124 108
[LEADER]
9 8 8 8
0x3AE70 BLAINE 219 45 0 174 123 53 157 126 45 0 9 7 241 109 78 50 0 98 83 31 126
[BURGLAR]
9 8 8 8
0x3AE8B DUNCAN 109 23 0 33 123 120 124 126 25 0 43 123 7 108 109 23 0 33 123 120 124
0x3AE9A EDDIE 58 26 0 46 52 43 36 109 24 0 33 123 124 108
0x3AEAE COREY 109 25 0 123 120 124 108 126 28 0 43 123 7 108 109 25 0 123 120 124 108 109 30 0 123 120 124 108
[FIREBREATHER]
9 8 8 8
0x3AEBE OTIS 126 29 0 43 123 7 108 110 32 0 123 120 124 108 126 29 0 43 123 7 108
0x3AECB DICK 5 17 0 45 52 52 108
0x3AED4 NED 109 15 0 139 33 123 0 58 16 0 44 46 52 0 109 15 0 139 33 123 0
0x3AEE0 BURT 109 32 0 123 120 124 108 218 32 0 52 88 106 133
0x3AEEB BILL 109 6 0 139 33 0 0 109 6 0 139 33 0 0
0x3AEF6 WALT 126 11 0 43 123 7 43 126 13 0 123 7 43 123
0x3AF01 RAY 37 9 0 52 39 98 0
0x3AF09 LYLE 109 28 0 123 120 124 108 136 31 0 28 52 98 44 109 28 0 123 120 124 108
[JUGGLER]
9 8 8 8
0x3AF16 IRWIN 100 2 0 33 0 0 0 100 6 0 33 0 0 0 100 10 0 33 103 0 0 100 14 0 33 103 0 0
0x3AF26 FRITZ 122 29 0 96 3 113 115 126 29 0 43 123 7 108 67 29 0 116 2 69 193
0x3AF34 HORTON 101 33 0 103 49 120 205 101 33 0 103 49 120 205 101 33 0 103 49 120 205 101 33 0 103 49 120 205
0x3AF45 IRWIN 100 6 0 33 0 0 0 100 10 0 33 103 0 0 100 14 0 33 103 0 0 100 18 0 33 103 49 0
0x3AF55 IRWIN 100 18 0 33 103 49 0 100 22 0 33 103 49 0 100 26 0 33 103 49 120 101 30 0 103 49 120 205
[BLACKBELT]
9 8 8 8
0x3AF65 KENJI 95 27 0 20 88 106 99 106 30 0 27 26 116 136 95 27 0 20 88 106 99 67 32 0 116 2 69 193
0x3AF75 YOSHI 106 27 0 24 96 26 116
0x3AF83 KENJI 95 30 0 20 88 106 99 68 37 0 2 69 193 233 95 30 0 20 88 106 99 106 35 0 26 116 136 170
0x3AF93 LAO 107 27 0 4 9 8 7
0x3AF9F NOB 66 25 0 43 116 2 69 67 25 0 43 2 69 157
0x3AFB1 KIYO 106 34 0 26 116 136 170 107 34 0 9 8 7 183
0x3AFBC LUNG 56 23 0 43 67 2 154 56 23 0 43 67 2 154 57 25 0 99 67 2 154
0x3AFC9 KENJI 67 28 0 116 2 69 193
0x3AFD3 WAI 67 30 0 116 2 69 193 67 32 0 116 2 69 193 67 34 0 2 69 193 233
[ROCKET]
13 8 10 8
0x3AFDF EXECUTIVE 228 33 0 52 46 44 185 109 33 0 33 124 108 114 229 35 0 52 123 44 185
0x3AFFD EXECUTIVE 42 36 0 141 44 109 17
0x3B00F EXECUTIVE 109 30 0 33 120 124 108 109 30 0 33 120 124 108 109 30 0 33 120 124 108 110 32 0 33 153 124 108 109 30 0 33 120 124 108 109 30 0 33 123 124 108
0x3B03F EXECUTIVE 41 22 0 141 48 44 109 20 24 0 98 98 158 184 109 22 0 33 123 120 124
[PSYCHIC]
9 8 8 8
0x3B051 NATHAN 203 26 0 23 93 23 97
0x3B05C FRANKLIN 64 37 0 50 60 105 248
0x3B069 HERMAN 102 30 0 115 73 93 78 102 30 0 115 73 93 78 103 30 0 140 95 93 23
0x3B078 FIDEL 178 34 0 43 101 101 100
0x3B082 GREG 96 17 0 95 50 138 0
0x3B08F NORMAN 79 17 0 33 45 55 0 79 20 0 174 34 55 93
0x3B0A4 MARK 63 13 0 100 148 0 0 63 13 0 100 148 0 0 64 15 0 100 134 93 0
0x3B0BD PHIL 177 24 0 43 101 248 109 64 26 0 50 60 105 248
0x3B0D0 RICHARD 196 36 0 93 98 129 60
0x3B0DC GILBERT 121 30 0 33 229 105 61 102 30 0 115 73 93 78 203 34 0 93 23 97 226
0x3B0EC JARED 122 32 0 3 113 115 227 102 32 0 73 93 78 77 102 35 0 73 93 78 77
0x3B0FA RODNEY 96 29 0 95 50 93 29 97 33 0 50 93 29 139
[PICNICKER]
6 10 10 8
0x3B107 LIZ 29 9 0 45 33 10 0
0x3B10F GINA 187 9 0 150 235 39 0 187 9 0 150 235 39 0 1 12 0 33 45 73 22
0x3B11C BROOKE 25 16 0 84 45 98 104
0x3B12B KIM 37 15 0 52 39 98 46
0x3B133 CINDY 31 36 0 10 24 39 34
0x3B13D HOPE 180 34 0 84 84 86 178
0x3B146 SHARON 162 31 0 111 98 154 21 78 33 0 39 52 23 83
0x3B153 DEBRA 119 33 0 48 30 175 31
0x3B15D GINA 187 14 0 235 39 33 77 187 14 0 235 39 33 77 2 17 0 73 22 77 79
0x3B16A ERIN 77 16 0 33 45 39 52 77 16 0 33 45 39 52
0x3B175 LIZ 70 15 0 35 74 35 79 30 15 0 45 33 10 24
0x3B17F LIZ 70 19 0 35 79 77 78 33 19 0 33 30 24 40 31 21 0 33 10 24 39
0x3B18B HEIDI 188 32 0 78 79 73 178 188 32 0 78 79 73 178
0x3B197 EDNA 30 30 0 10 24 40 39 26 34 0 84 39 98 85
0x3B1A2 GINA 188 26 0 77 78 79 73 188 26 0 77 78 79 73 2 29 0 77 79 75 230
0x3B1AF TIFFANY 35 31 0 227 47 3 107
0x3B1BF TIFFANY 35 37 0 227 3 107 118
0x3B1CF ERIN 77 32 0 39 52 23 83 77 32 0 39 52 23 83
0x3B1DA TANYA 103 37 0 95 93 23 121
0x3B1E4 TIFFANY 35 20 0 227 47 3 107
0x3B1F4 ERIN 77 36 0 52 23 83 36 77 36 0 52 23 83 36
[CAMPER]
9 8 8 8
0x3B1FF ROLAND 32 9 0 43 33 30 0
0x3B20A TODD 54 14 0 10 39 50 0
0x3B213 IVAN 50 10 0 10 45 222 0 41 10 0 141 48 0 0 50 14 0 10 45 222 0
0x3B220 ELLIOT 27 13 0 10 111 28 0 183 15 0 111 39 55 205
0x3B22D BARRY 34 36 0 30 24 40 37
0x3B237 LLOYD 34 34 0 30 24 40 37
0x3B241 DEAN 55 33 0 50 93 103 244 28 31 0 111 28 40 163
0x3B24C SID 51 32 0 45 222 91 28 57 29 0 2 154 116 99 62 29 0 55 95 3 66
0x3B258 HARVEY 33 15 0 43 33 30 24
0x3B263 DALE 33 15 0 43 33 30 24
0x3B26C TED 56 17 0 10 43 67 2
0x3B274 TODD 74 17 0 33 111 88 222 74 17 0 33 111 88 222 54 23 0 39 50 93 103
0x3B281 TODD 74 23 0 111 88 222 120 74 23 0 111 88 222 120 54 26 0 39 50 93 103
0x3B28E THOMAS 75 33 0 88 222 120 106 75 36 0 222 120 106 205 42 40 0 48 44 109 17 55 42 0 50 93 103 244
0x3B29F LEROY 75 33 0 88 222 120 106 75 36 0 222 120 106 205 42 40 0 48 44 109 17 55 42 0 50 93 103 244
0x3B2AF DAVID 75 33 0 88 222 120 106 75 36 0 222 120 106 205 42 40 0 48 44 109 17 55 42 0 50 93 103 244
0x3B2BF JOHN 75 33 0 88 222 120 106 75 36 0 222 120 106 205 42 40 0 48 44 109 17 55 42 0 50 93 103 244
0x3B2CE JERRY 28 37 0 28 40 163 129
0x3B2D8 SPENCER 27 17 0 10 111 28 40 28 17 0 28 111 28 40 41 19 0 141 48 44 109
[ROCKET]
7 14 10 8
0x3B2E8 EXECUTIVE 24 32 0 35 40 44 137 45 32 0 71 230 79 51 198 32 0 64 228 114 101
0x3B306 EXECUTIVE 24 23 0 35 43 40 44 44 23 0 71 230 79 51 198 25 0 64 228 114 0
[SAGE]
9 8 8 8
0x3B324 CHOW 69 3 0 22 0 0 0 69 3 0 22 0 0 0 69 3 0 22 0 0 0
0x3B331 NICO 69 3 0 22 0 0 0 69 3 0 22 0 0 0 69 3 0 22 0 0 0
0x3B33E JIN 69 6 0 22 74 0 0
0x3B346 TROY 69 7 0 22 74 0 0 163 7 0 33 45 193 0
0x3B351 JEFFREY 93 22 0 180 212 174 101
0x3B35D PING 92 16 0 122 180 212 174 92 16 0 122 180 212 174 92 16 0 122 180 212 174 92 16 0 122 180 212 174 92 16 0 122 180 212 174
0x3B36E EDMOND 69 3 0 22 0 0 0 69 3 0 22 0 0 0 69 3 0 22 0 0 0
0x3B37D NEAL 69 6 0 22 74 0 0
0x3B386 LI 69 7 0 22 74 0 0 69 7 0 22 74 0 0 163 10 0 33 45 193 0
[MEDIUM]
7 8 8 8
0x3B391 MARTHA 92 18 0 122 180 212 174 93 20 0 180 180 212 174 92 20 0 122 180 212 174
0x3B3A0 GRACE 93 20 0 180 180 212 174 93 20 0 180 180 212 174
0x3B3AC BETHANY 93 25 0 180 212 174 101
0x3B3B8 MARGRET 93 25 0 180 212 174 101
0x3B3C4 ETHEL 93 25 0 180 212 174 101
0x3B3CE REBECCA 96 35 0 50 93 29 139 97 35 0 50 93 29 139
0x3B3DC DORIS 79 34 0 55 93 50 29 80 36 0 55 93 50 29
[BOARDER]
9 8 8 8
0x3B3E8 RONALD 86 24 0 29 45 62 156 87 25 0 62 45 62 156 86 24 0 29 45 62 156
0x3B3F7 BRAD 220 26 0 33 181 203 0 220 26 0 33 181 203 0
0x3B402 DOUGLAS 90 24 0 33 110 48 62 91 25 0 110 48 62 182 90 24 0 33 110 48 62
[[POKé]FAN]
9 8 8 8
0x3B412 WILLIAM 26 14 173 84 39 98 85
0x3B41F DEREK 25 17 173 39 86 98 104
0x3B42A ROBERT 195 33 173 55 39 21 133
0x3B436 JOSHUA 25 23 173 86 98 104 21 25 23 173 86 98 104 21 25 23 173 86 98 104 21 25 23 173 86 98 104 21 25 23 173 86 98 104 21 25 23 173 86 98 104 21
0x3B451 CARTER 1 29 173 77 79 75 230 4 29 173 52 108 99 184 7 29 173 55 44 229 182
0x3B463 TREVOR 54 33 173 50 93 103 244
0x3B46F BRANDON 209 13 173 184 39 204 44
0x3B47C JEREMY 52 28 173 45 44 6 185 52 28 173 45 44 6 185 52 28 173 45 44 6 185
0x3B48E COLIN 225 32 173 217 0 0 0
0x3B499 DEREK 25 19 173 39 86 98 104
0x3B4A4 DEREK 25 36 173 104 21 85 97
0x3B4AF ALEX 34 29 173 30 24 40 37 199 29 173 45 55 93 50 119 29 173 48 30 175 31
[KIMONO GIRL]
6 8 8 10
0x3B4BF KYOKO 188 20 0 33 77 78 79 37 20 0 39 98 46 109 188 18 0 33 77 78 79
0x3B4CD NAOKO 136 17 0 33 39 28 52
0x3B4D7 SAYO 196 17 0 33 39 28 93
0x3B4E0 ZUKI 197 17 0 33 39 28 228
0x3B4E9 KUNI 134 17 0 33 39 28 55
0x3B4F2 MIKI 135 17 0 33 39 28 84
[TWINS]
6 8 10 8
0x3B4FB AMY&MAY 167 10 0 40 81 184 0 165 10 0 33 48 0 0
0x3B50B ANN&ANNE 35 16 0 45 227 3 118 39 16 0 47 111 1 50
0x3B524 ANN&ANNE 39 16 0 47 111 1 50 35 16 0 45 227 3 118
0x3B53D AMY&MAY 165 10 0 33 48 0 0 167 10 0 40 81 184 0
0x3B54D JO&ZOE 71 35 0 22 79 230 75 45 35 0 71 230 78 80
0x3B55C JO&ZOE 45 35 0 71 230 78 80 71 35 0 22 79 230 75
0x3B56B MEG&PEG 216 31 0 122 154 185 156 231 31 0 45 111 175 36
0x3B57B MEG&PEG 231 31 0 45 111 175 36 216 31 0 122 154 185 156
[[POKé]FAN]
6 13 8 8
0x3B58B BEVERLY 209 14 173 184 39 204 44
0x3B598 RUTH 25 17 173 39 86 98 104
0x3B5A2 BEVERLY 209 18 173 184 39 204 44
0x3B5AF BEVERLY 210 30 173 204 44 122 46
0x3B5BC GEORGIA 161 23 173 33 111 98 154 161 23 173 33 111 98 154 161 23 173 33 111 98 154 162 28 173 111 98 154 21 161 23 173 33 111 98 154
[[pk] TRAINER]
15 13 13 14
0x3B5D5 RED 25 81 0 204 98 85 87 196 73 0 189 115 129 94 143 75 0 133 173 156 34 3 77 0 241 202 235 76 6 77 0 53 17 163 83 9 77 0 240 57 59 250
[LEADER]
9 13 13 13
0x3B5FF BLUE 18 56 0 98 18 17 119 65 54 0 50 105 94 115 112 56 0 31 201 157 89 130 58 0 239 56 240 63 103 58 0 241 73 121 76 59 58 0 46 129 53 245
[OFFICER]
9 8 8 8
0x3B62A KEITH 58 17 0 44 46 52 0
0x3B634 DIRK 58 14 0 44 46 52 0 58 14 0 44 46 52 0
[ROCKET]
7 14 10 8
0x3B63F GRUNT 41 9 0 141 48 0 0 23 11 0 35 43 40 0
0x3B64B GRUNT 24 26 0 44 40 44 137
0x3B655 GRUNT 44 25 0 77 78 79 51 44 25 0 77 78 79 51
0x3B661 GRUNT 23 21 0 35 43 40 44 43 23 0 77 78 79 51 23 21 0 35 43 40 44 44 24 0 77 78 79 51
0x3B671 GRUNT 23 18 0 35 43 40 44 44 18 0 71 230 78 79
